0.331732 0.805460
0.252218 0.850394
0.173165 0.910977
0.088814 0.963947
-0.002858 1.000000
-0.101702 0.998931
-0.188475 0.954176
-0.269549 0.896266
-0.345926 0.832360
-0.424286 0.770844
-0.473042 0.687183
-0.497752 0.591237
-0.496968 0.492079
-0.442801 0.408485
-0.390800 0.324353
-0.311675 0.265939
-0.236861 0.201542
-0.159092 0.140019
-0.076193 0.084753
0.006094 0.028602
0.084785 -0.032350
0.159866 -0.097837
0.233429 -0.164986
0.303880 -0.235437
0.364734 -0.314209
0.411456 -0.401985
0.441260 -0.496949
0.467863 -0.592959
0.492742 -0.689429
0.497752 -0.788444
0.477893 -0.882597
0.399328 -0.943848
0.304986 -0.974328
0.208534 -0.998051
0.109063 -1.000000
0.014976 -0.976512
-0.070436 -0.925577
-0.152169 -0.868890
-0.222620 -0.798439
-0.288116 -0.723928
-0.337631 -0.639183
-0.353098 -0.541808
-0.335650 -0.446295
-0.285228 -0.362842
-0.203165 -0.315170
-0.110952 -0.283168
-0.012576 -0.272454
0.086405 -0.263289
0.183480 -0.249217
0.279851 -0.232161