-0.032109 0.892308
-0.088196 0.961355
-0.178328 1.000000
-0.275699 0.998441
-0.363242 0.956145
-0.433256 0.887529
-0.492474 0.809438
-0.531160 0.719554
-0.535107 0.621868
-0.503785 0.530379
-0.455760 0.445306
-0.392478 0.370312
-0.326163 0.297969
-0.259203 0.226222
-0.190859 0.155813
-0.121465 0.086418
-0.053858 0.015281
0.013621 -0.055974
0.079637 -0.128591
0.145645 -0.201214
0.205651 -0.278869
0.264698 -0.357138
0.309975 -0.444208
0.352782 -0.532177
0.374072 -0.627979
0.381272 -0.725625
0.379192 -0.822566
0.341109 -0.913014
0.270325 -0.974713
0.175500 -1.000000
0.077999 -0.996896
-0.016152 -0.969205
-0.097682 -0.915411
-0.178531 -0.859795
-0.256733 -0.801438
-0.321007 -0.727276
-0.379376 -0.648463
-0.433725 -0.566788
-0.439806 -0.475106
-0.390936 -0.391939
-0.309409 -0.337792
-0.225024 -0.287688
-0.139820 -0.239403
-0.046389 -0.209372
0.047185 -0.179932
0.143989 -0.163798
0.240792 -0.147665
0.338830 -0.146450
0.436968 -0.146450
0.535107 -0.146450