0.294118 0.840830
0.217206 0.890711
0.136533 0.935593
0.052501 0.973463
-0.034944 1.000000
-0.126669 0.995149
-0.202950 0.944695
-0.249989 0.866461
-0.283373 0.780413
-0.310137 0.692129
-0.321606 0.600747
-0.323403 0.509476
-0.298074 0.420948
-0.248819 0.342872
-0.203014 0.262714
-0.156586 0.182916
-0.094449 0.115211
-0.038901 0.041487
0.016901 -0.032046
0.076005 -0.102970
0.127694 -0.179430
0.180055 -0.255465
0.226990 -0.334833
0.275130 -0.413563
0.322390 -0.492856
0.353779 -0.579056
0.375387 -0.668763
0.384083 -0.760164
0.380242 -0.852326
0.337258 -0.927432
0.259261 -0.974144
0.169856 -0.996735
0.077906 -1.000000
-0.014139 -0.993343
-0.101650 -0.964450
-0.176314 -0.910148
-0.253967 -0.860215
-0.325489 -0.802135
-0.358048 -0.716595
-0.378110 -0.626489
-0.384083 -0.534800
-0.362945 -0.445614
-0.315624 -0.366985
-0.243015 -0.312431
-0.155674 -0.282572
-0.064410 -0.273356
0.024072 -0.252595
0.116394 -0.252595
0.208716 -0.252595
0.301038 -0.252595