0.467231 0.857244
0.381104 0.902313
0.293811 0.949795
0.201865 0.987023
0.103292 1.000000
0.004057 0.999714
-0.092458 0.978959
-0.187161 0.948518
-0.275894 0.903916
-0.358618 0.849050
-0.417904 0.771118
-0.452971 0.678090
-0.467231 0.580344
-0.426700 0.493648
-0.382008 0.405267
-0.323376 0.325157
-0.257467 0.250651
-0.191438 0.176250
-0.125109 0.102118
-0.057227 0.029411
0.011112 -0.042873
0.079525 -0.115087
0.146605 -0.188536
0.212481 -0.263018
0.272767 -0.342144
0.327737 -0.424873
0.378301 -0.510528
0.426575 -0.597503
0.462875 -0.689264
0.464028 -0.788441
0.428160 -0.875541
0.346911 -0.931300
0.253199 -0.964270
0.158265 -0.993980
0.059012 -1.000000
-0.039768 -0.995175
-0.134169 -0.964595
-0.219635 -0.914119
-0.289846 -0.845570
-0.342788 -0.761439
-0.389275 -0.673666
-0.421955 -0.579712
-0.436734 -0.482117
-0.423306 -0.385750
-0.363096 -0.306696
-0.290709 -0.239876
-0.200779 -0.199641
-0.104609 -0.175039
-0.006029 -0.164824
0.087606 -0.158984