0.216748 0.957453
0.131653 1.000000
0.036733 0.997929
-0.047616 0.950558
-0.130607 0.900833
-0.214176 0.852084
-0.294499 0.798265
-0.364564 0.732457
-0.422196 0.655209
-0.472420 0.572545
-0.496714 0.481532
-0.480483 0.386782
-0.430941 0.304653
-0.360626 0.238297
-0.285133 0.177873
-0.210410 0.116524
-0.135498 0.055362
-0.060663 -0.005912
0.012794 -0.068875
0.086250 -0.131838
0.158544 -0.195913
0.218170 -0.272102
0.277797 -0.348292
0.329965 -0.428934
0.368743 -0.517571
0.390012 -0.611290
0.397371 -0.707475
0.389405 -0.803349
0.346635 -0.886901
0.268155 -0.940483
0.178394 -0.975961
0.083281 -0.990635
-0.013012 -1.000000
-0.107449 -0.984480
-0.191119 -0.935981
-0.266195 -0.875705
-0.334892 -0.808010
-0.386318 -0.726389
-0.415434 -0.635276
-0.395205 -0.544131
-0.329056 -0.474043
-0.254864 -0.412645
-0.164276 -0.378675
-0.071717 -0.351480
0.022956 -0.331549
0.119019 -0.324974
0.215767 -0.324974
0.312381 -0.320411
0.408998 -0.315942
0.496714 -0.306911