0.742268 0.907216
0.632633 0.942959
0.521234 0.979886
0.404285 0.992300
0.287023 1.000000
0.169413 1.000000
0.052157 0.991460
-0.061674 0.963233
-0.174310 0.929420
-0.285651 0.892345
-0.378202 0.822191
-0.412371 0.713068
-0.358501 0.609678
-0.278163 0.525585
-0.189823 0.448625
-0.093124 0.381679
0.001997 0.312512
0.099318 0.246503
0.194677 0.178076
0.281374 0.098603
0.361679 0.012797
0.431041 -0.081734
0.492892 -0.181661
0.545489 -0.286855
0.595612 -0.393197
0.641941 -0.501298
0.681288 -0.611752
0.709813 -0.725851
0.721649 -0.842702
0.684796 -0.948503
0.580327 -0.990212
0.463015 -0.998592
0.345455 -1.000000
0.228455 -0.991399
0.112027 -0.974767
-0.000770 -0.943330
-0.111440 -0.903587
-0.219297 -0.856693
-0.327154 -0.809799
-0.430575 -0.753919
-0.532907 -0.696037
-0.629183 -0.628509
-0.707320 -0.540605
-0.742268 -0.433090
-0.678810 -0.347813
-0.571734 -0.303193
-0.454929 -0.289823
-0.337812 -0.279070
-0.224535 -0.248577
-0.113402 -0.226804