0.274414 0.973568
0.171153 0.986960
0.066685 0.996458
-0.038053 1.000000
-0.142951 1.000000
-0.243871 0.983148
-0.332230 0.927246
-0.412102 0.859739
-0.472244 0.774847
-0.500917 0.675969
-0.486403 0.574497
-0.427535 0.488061
-0.357080 0.411059
-0.277012 0.343343
-0.195389 0.277456
-0.114995 0.210115
-0.037668 0.139233
0.037016 0.065591
0.113041 -0.006614
0.191698 -0.076017
0.266654 -0.149217
0.338032 -0.226085
0.400964 -0.309933
0.458797 -0.397177
0.506067 -0.490490
0.531509 -0.592257
0.544969 -0.696007
0.542930 -0.800654
0.516888 -0.898422
0.446369 -0.974632
0.343733 -0.995235
0.239098 -1.000000
0.134377 -0.995032
0.031935 -0.975988
-0.067793 -0.943681
-0.162851 -0.899321
-0.254716 -0.848892
-0.344827 -0.795273
-0.425412 -0.728119
-0.505321 -0.660164
-0.544969 -0.567963
-0.504300 -0.479495
-0.417768 -0.420210
-0.324605 -0.374416
-0.225962 -0.339042
-0.130707 -0.295119
-0.028137 -0.273139
0.074942 -0.253729
0.178592 -0.237749
0.283224 -0.233480