0.298135 1.000000
0.191183 0.991561
0.082240 0.991561
-0.026704 0.991561
-0.135519 0.988475
-0.242364 0.970340
-0.336403 0.918612
-0.422601 0.851992
-0.480336 0.760928
-0.500666 0.654896
-0.487461 0.547839
-0.431476 0.454605
-0.361018 0.371980
-0.283376 0.295961
-0.197711 0.228653
-0.120033 0.152344
-0.036954 0.081988
0.036188 0.001826
0.106660 -0.081242
0.177542 -0.163951
0.243720 -0.250491
0.306434 -0.339442
0.364609 -0.431552
0.417639 -0.526636
0.467595 -0.623330
0.491228 -0.729679
0.500666 -0.837586
0.484771 -0.939946
0.391041 -0.990765
0.283724 -1.000000
0.174781 -1.000000
0.065837 -1.000000
-0.041550 -0.982735
-0.148076 -0.960738
-0.250973 -0.924948
-0.352753 -0.886407
-0.451475 -0.840337
-0.495114 -0.746994
-0.495114 -0.638050
-0.445578 -0.541205
-0.383258 -0.453107
-0.291617 -0.394195
-0.203683 -0.329950
-0.114658 -0.267391
-0.020756 -0.212155
0.078867 -0.168721
0.181217 -0.131657
0.286087 -0.102168
0.392139 -0.077589
0.500666 -0.071730