0.004211 0.852757
-0.071023 0.914629
-0.162757 0.961506
-0.258489 1.000000
-0.359437 0.993634
-0.438586 0.928853
-0.491367 0.839697
-0.536746 0.747296
-0.551616 0.644814
-0.538905 0.544631
-0.486568 0.455201
-0.429308 0.369602
-0.352335 0.300233
-0.275951 0.230214
-0.191608 0.170492
-0.105040 0.113587
-0.022144 0.051415
0.060752 -0.010757
0.142703 -0.074158
0.222382 -0.140204
0.295653 -0.213474
0.358326 -0.295934
0.415982 -0.381968
0.467453 -0.471656
0.511574 -0.565413
0.542296 -0.664199
0.551616 -0.766513
0.548910 -0.869314
0.484152 -0.949562
0.391047 -0.993215
0.288785 -1.000000
0.185165 -1.000000
0.083776 -0.985388
-0.014440 -0.952777
-0.106859 -0.906038
-0.185467 -0.838554
-0.258576 -0.765597
-0.319277 -0.681750
-0.368733 -0.591288
-0.396794 -0.492067
-0.369390 -0.403763
-0.286788 -0.341359
-0.192890 -0.297540
-0.098058 -0.255806
-0.001145 -0.219515
0.098036 -0.189722
0.199880 -0.170627
0.302891 -0.160565
0.405909 -0.149733
0.501087 -0.140994