0.345089 0.991770
0.235281 0.995624
0.125526 1.000000
0.015645 0.996066
-0.093195 0.978881
-0.196389 0.941737
-0.286110 0.879089
-0.347143 0.788997
-0.350617 0.680448
-0.290583 0.588303
-0.218689 0.504929
-0.139810 0.428178
-0.055396 0.357424
0.030844 0.288841
0.118035 0.221466
0.204345 0.153090
0.282260 0.075174
0.356025 -0.006605
0.426129 -0.091488
0.489674 -0.181509
0.536563 -0.280399
0.575611 -0.383411
0.586575 -0.493053
0.592002 -0.602972
0.585716 -0.712387
0.558860 -0.819223
0.492747 -0.907374
0.396846 -0.958837
0.291099 -0.985876
0.181964 -1.000000
0.071775 -1.000000
-0.037889 -0.990009
-0.143682 -0.964146
-0.244633 -0.919981
-0.345583 -0.875815
-0.437460 -0.815562
-0.519509 -0.744256
-0.580631 -0.652573
-0.592002 -0.544254
-0.552447 -0.441410
-0.485800 -0.353720
-0.409441 -0.276143
-0.318400 -0.214069
-0.225394 -0.155154
-0.129468 -0.100935
-0.032820 -0.048040
0.064788 0.003088
0.163774 0.051446
0.265065 0.094126
0.361549 0.135802