0.176015 0.975309
0.091438 0.988932
0.004212 1.000000
-0.084308 1.000000
-0.170396 0.981843
-0.247345 0.939982
-0.322606 0.893420
-0.393038 0.840283
-0.441544 0.767406
-0.472312 0.684649
-0.448077 0.600672
-0.413145 0.519747
-0.370459 0.442199
-0.324420 0.366836
-0.267414 0.299397
-0.207167 0.234681
-0.150770 0.166494
-0.085517 0.106679
-0.028050 0.040074
0.022268 -0.032754
0.071370 -0.106407
0.118879 -0.181058
0.163761 -0.257357
0.210936 -0.332217
0.260039 -0.405870
0.301892 -0.483486
0.337373 -0.564584
0.354598 -0.651200
0.365316 -0.738782
0.365316 -0.827302
0.337701 -0.906973
0.271085 -0.963839
0.188124 -0.992818
0.099903 -1.000000
0.011382 -1.000000
-0.046207 -0.962782
-0.052063 -0.874487
-0.054437 -0.786058
-0.053026 -0.697582
-0.047504 -0.609234
-0.017371 -0.527200
0.020544 -0.447234
0.070530 -0.374177
0.120516 -0.301121
0.177513 -0.233473
0.235546 -0.166632
0.295361 -0.101379
0.351158 -0.032841
0.405896 0.036465
0.472312 0.094650