0.372650 0.956364
0.286018 0.985455
0.194200 1.000000
0.102213 0.984557
0.026220 0.929934
-0.038207 0.861888
-0.094161 0.786573
-0.138657 0.703936
-0.160029 0.612971
-0.172805 0.520381
-0.164869 0.427429
-0.130425 0.342599
-0.071398 0.269708
-0.019133 0.191783
0.047233 0.125417
0.119956 0.066155
0.183077 -0.003154
0.249443 -0.069520
0.304558 -0.145324
0.352052 -0.226091
0.377836 -0.316335
0.395086 -0.408555
0.411585 -0.500949
0.423698 -0.593977
0.427203 -0.687211
0.413517 -0.779689
0.369020 -0.862326
0.304445 -0.930023
0.219795 -0.969601
0.129887 -0.993712
0.036513 -1.000000
-0.055517 -0.986368
-0.140380 -0.947711
-0.213767 -0.889501
-0.287838 -0.831907
-0.348230 -0.762780
-0.393810 -0.680736
-0.427203 -0.593132
-0.421905 -0.500032
-0.390733 -0.412045
-0.346819 -0.329097
-0.293095 -0.252297
-0.234134 -0.179476
-0.170095 -0.110863
-0.102194 -0.046121
-0.029798 0.013016
0.049791 0.062759
0.132312 0.107415
0.215642 0.150587
0.292650 0.200000