-0.671182 -1.000000
-0.666647 -0.901895
-0.658344 -0.803908
-0.642246 -0.707325
-0.616903 -0.612290
-0.591560 -0.517255
-0.567575 -0.421870
-0.537541 -0.328403
-0.499734 -0.237670
-0.457854 -0.148676
-0.423444 -0.056615
-0.387814 0.034945
-0.345935 0.123939
-0.307391 0.214404
-0.266518 0.303574
-0.214161 0.386826
-0.164602 0.471784
-0.110135 0.553677
-0.046803 0.627965
0.026154 0.693927
0.098706 0.760289
0.170436 0.827399
0.247999 0.887837
0.332155 0.938161
0.420127 0.982147
0.508819 1.000000
0.521811 0.902996
0.516244 0.806273
0.472702 0.718893
0.419084 0.636710
0.357750 0.560966
0.280061 0.501787
0.281849 0.485424
0.379453 0.489108
0.473243 0.463408
0.540287 0.393717
0.587378 0.307877
0.625744 0.217318
0.659105 0.124855
0.671182 0.027584
0.668256 -0.070412
0.602840 -0.133519
0.507993 -0.156857
0.410225 -0.165116
0.311869 -0.165116
0.213513 -0.165116
0.116602 -0.156917
0.023931 -0.123982
-0.050909 -0.066894
-0.065481 0.023143