-0.490366 -1.000000
-0.501143 -0.910583
-0.501143 -0.818622
-0.501143 -0.726661
-0.501143 -0.634700
-0.501143 -0.542739
-0.501143 -0.450777
-0.501143 -0.358816
-0.501143 -0.266855
-0.501143 -0.174894
-0.486805 -0.084120
-0.466384 0.005395
-0.441120 0.093818
-0.421757 0.183671
-0.403418 0.273762
-0.372488 0.360366
-0.340651 0.446626
-0.306498 0.532010
-0.263550 0.612321
-0.206734 0.684631
-0.148791 0.756007
-0.088273 0.825249
-0.028426 0.895071
0.034658 0.959933
0.116424 1.000000
0.190493 0.971627
0.225965 0.888167
0.231711 0.796681
0.230254 0.704841
0.201369 0.619575
0.142459 0.549652
0.070646 0.492950
0.138327 0.486060
0.220607 0.445881
0.295896 0.393322
0.364732 0.332689
0.429758 0.267662
0.465432 0.183735
0.492471 0.095859
0.501143 0.005171
0.495222 -0.086061
0.450465 -0.164418
0.364349 -0.191153
0.272689 -0.189123
0.183656 -0.166510
0.098544 -0.133359
0.015608 -0.094291
-0.060190 -0.042429
-0.138205 0.005776
-0.199380 0.056173