-0.690583 -1.000000
-0.641525 -0.917444
-0.601642 -0.830018
-0.565381 -0.740986
-0.534956 -0.649710
-0.502096 -0.559418
-0.460584 -0.472620
-0.419073 -0.385823
-0.381954 -0.297082
-0.345653 -0.207980
-0.309045 -0.119008
-0.270296 -0.030942
-0.231547 0.057123
-0.189464 0.143587
-0.144959 0.228888
-0.100025 0.313957
-0.052855 0.397814
-0.005885 0.481783
0.040840 0.565889
0.092961 0.646536
0.149858 0.724123
0.218141 0.791461
0.290260 0.855125
0.363708 0.917273
0.443858 0.970237
0.533914 1.000000
0.608360 0.958167
0.649734 0.871426
0.679173 0.779845
0.690583 0.685230
0.649669 0.600342
0.581636 0.532309
0.507304 0.471314
0.426639 0.419276
0.343773 0.370389
0.352893 0.345291
0.448463 0.336303
0.528411 0.283248
0.596444 0.215215
0.640177 0.129932
0.666591 0.038126
0.672646 -0.057786
0.664113 -0.153468
0.600604 -0.219790
0.505584 -0.234307
0.409724 -0.232982
0.314936 -0.219198
0.224227 -0.188347
0.137286 -0.147291
0.080717 -0.085202