-0.896552 -1.00000
-0.849625 -0.91581
-0.812698 -0.82696
-0.772994 -0.73909
-0.729815 -0.65273
-0.690284 -0.56468
-0.652250 -0.47594
-0.612727 -0.38786
-0.571897 -0.30037
-0.531129 -0.21284
-0.490669 -0.12518
-0.449875 -0.03768
-0.406696 0.048676
-0.361734 0.134024
-0.309898 0.215480
-0.260144 0.298156
-0.214369 0.383166
-0.167922 0.467799
-0.119273 0.551198
-0.066758 0.631793
-0.002614 0.703956
0.065774 0.771876
0.137937 0.836021
0.217957 0.889671
0.303175 0.934369
0.392298 0.971504
0.485322 0.994455
0.581479 1.000000
0.673032 0.983496
0.736744 0.913907
0.744828 0.818669
0.710512 0.733556
0.644058 0.663693
0.582508 0.589405
0.634695 0.530822
0.714353 0.477306
0.779670 0.406497
0.843075 0.333975
0.881108 0.245231
0.896552 0.150160
0.886778 0.054577
0.822571 -0.011912
0.744310 -0.065034
0.650522 -0.085393
0.554274 -0.089655
0.457961 -0.085367
0.362635 -0.072101
0.272520 -0.037441
0.183274 -0.000999
0.096552 0.034483