-0.773257 -1.000000
-0.751311 -0.892517
-0.729436 -0.780965
-0.705971 -0.669632
-0.683917 -0.557984
-0.654605 -0.447856
-0.626005 -0.337540
-0.597404 -0.227224
-0.569464 -0.116740
-0.541824 -0.006180
-0.504640 0.101510
-0.464586 0.208165
-0.421195 0.313544
-0.369662 0.415102
-0.314578 0.514771
-0.251363 0.609594
-0.171696 0.690930
-0.078853 0.756561
0.010500 0.827256
0.099490 0.898449
0.202857 0.943214
0.311710 0.976817
0.423003 1.000000
0.531012 0.982373
0.588782 0.884537
0.627360 0.780450
0.571574 0.685258
0.484480 0.613118
0.385950 0.555853
0.287003 0.499312
0.185660 0.447246
0.081177 0.401962
0.114164 0.381164
0.228127 0.381164
0.341845 0.376992
0.455028 0.363676
0.561928 0.325634
0.657746 0.267250
0.738057 0.186864
0.773257 0.081149
0.772359 -0.032739
0.726127 -0.132839
0.624911 -0.177765
0.511319 -0.182974
0.397598 -0.181244
0.288020 -0.149936
0.179631 -0.114785
0.070667 -0.081549
-0.035353 -0.041284
-0.131308 0.001830