-0.903910 -1.000000
-0.882234 -0.891887
-0.841773 -0.787463
-0.805614 -0.681531
-0.772170 -0.574651
-0.738446 -0.467859
-0.704075 -0.361278
-0.668660 -0.255035
-0.633246 -0.148792
-0.597832 -0.042549
-0.560413 0.062932
-0.516298 0.165867
-0.470275 0.267890
-0.417876 0.366866
-0.362038 0.463875
-0.298511 0.555307
-0.216810 0.631901
-0.135838 0.709248
-0.055772 0.787314
0.040423 0.844623
0.141754 0.892308
0.244598 0.936356
0.350206 0.973594
0.459257 0.995582
0.571047 1.000000
0.680966 0.981139
0.761736 0.905351
0.813106 0.806910
0.821580 0.696457
0.779894 0.594333
0.694632 0.524762
0.598406 0.468520
0.507854 0.412373
0.603826 0.368681
0.699202 0.310343
0.778510 0.232278
0.833700 0.136081
0.877064 0.032857
0.903910 -0.075366
0.900019 -0.186214
0.843754 -0.282781
0.765581 -0.361333
0.660281 -0.397238
0.551115 -0.421569
0.439125 -0.421561
0.327420 -0.413582
0.220533 -0.382679
0.121816 -0.332101
0.030523 -0.272054
0.007854 -0.166667