-0.403141 -1.000000
-0.403141 -0.898673
-0.413831 -0.798645
-0.423004 -0.697734
-0.438782 -0.597672
-0.455440 -0.497724
-0.467928 -0.397320
-0.473254 -0.296133
-0.476439 -0.194889
-0.476439 -0.093562
-0.476439 0.007765
-0.476439 0.109092
-0.476439 0.210419
-0.476439 0.311746
-0.476439 0.413073
-0.472552 0.514124
-0.446736 0.611495
-0.407492 0.704870
-0.363676 0.796208
-0.304370 0.877687
-0.249645 0.962872
-0.158128 1.000000
-0.088640 0.944965
-0.052289 0.852873
-0.040533 0.752232
-0.036649 0.651120
-0.071170 0.556710
-0.122432 0.469433
-0.183256 0.388469
-0.241554 0.305961
-0.242311 0.287958
-0.142160 0.301345
-0.041289 0.310952
0.059638 0.319372
0.160965 0.319372
0.262292 0.319372
0.363490 0.317557
0.445027 0.289725
0.476439 0.193720
0.467578 0.093831
0.424178 0.002782
0.360717 -0.074944
0.274478 -0.128122
0.187675 -0.180294
0.099733 -0.230239
0.007473 -0.272040
-0.089389 -0.281755
-0.176770 -0.230487
-0.264179 -0.179429
-0.329843 -0.109948