-0.785988 -1.000000
-0.760237 -0.904133
-0.722034 -0.808573
-0.677312 -0.716294
-0.647133 -0.617944
-0.604968 -0.523885
-0.562804 -0.429826
-0.516018 -0.338279
-0.460021 -0.251738
-0.407383 -0.163199
-0.358025 -0.072707
-0.307005 0.016793
-0.250829 0.103218
-0.195418 0.190089
-0.147738 0.281476
-0.100058 0.372862
-0.041783 0.457574
0.020063 0.540036
0.083458 0.621289
0.148458 0.701289
0.224868 0.769298
0.307990 0.830254
0.392369 0.889457
0.483388 0.937529
0.576961 0.980737
0.677239 1.000000
0.766571 0.975189
0.785988 0.874198
0.770579 0.774303
0.714619 0.687898
0.627509 0.633525
0.538533 0.581485
0.449197 0.530067
0.447791 0.488961
0.542386 0.453167
0.615691 0.380816
0.681767 0.302727
0.725380 0.209597
0.740197 0.109373
0.729364 0.008594
0.688824 -0.086158
0.633777 -0.169425
0.543580 -0.218428
0.441011 -0.227602
0.340081 -0.216451
0.246503 -0.173814
0.157763 -0.121413
0.073319 -0.062302
0.003785 0.013661
-0.041508 0.098109