-0.573517 -1.00000
-0.548556 -0.92511
-0.524812 -0.84827
-0.499944 -0.77178
-0.481698 -0.69345
-0.463870 -0.61501
-0.434365 -0.54036
-0.402676 -0.46642
-0.374292 -0.39119
-0.347236 -0.31543
-0.320180 -0.23967
-0.288479 -0.16575
-0.256494 -0.09194
-0.224509 -0.01813
-0.193097 0.055927
-0.161753 0.130013
-0.129740 0.203803
-0.095864 0.276766
-0.061989 0.349729
-0.026462 0.421865
0.011676 0.492694
0.049815 0.563522
0.091641 0.632160
0.135585 0.699541
0.180352 0.766278
0.235090 0.825227
0.293435 0.879938
0.360368 0.924560
0.428190 0.967818
0.501548 1.000000
0.560181 0.975879
0.573461 0.897226
0.573517 0.816786
0.545545 0.741536
0.508278 0.670546
0.466890 0.601566
0.417803 0.538597
0.367777 0.476361
0.392888 0.436017
0.457149 0.388699
0.498420 0.319718
0.534395 0.247767
0.559324 0.171416
0.564866 0.091671
0.518365 0.029494
0.442595 0.005262
0.362333 0.006624
0.282511 0.016602
0.205843 0.039386
0.161184 0.094555