0.519651 0.729258
0.458950 0.659823
0.408884 0.579084
0.360012 0.497628
0.308388 0.417847
0.250570 0.342801
0.187135 0.272047
0.123701 0.201293
0.060267 0.130539
-0.004981 0.061457
-0.070335 -0.007528
-0.141154 -0.070438
-0.216639 -0.128162
-0.294906 -0.181890
-0.375250 -0.232633
-0.453710 -0.286141
-0.530340 -0.342336
-0.610841 -0.392706
-0.694873 -0.436956
-0.783467 -0.470763
-0.876229 -0.484716
-0.966306 -0.465595
-1.000000 -0.379964
-0.997228 -0.285092
-0.969512 -0.196634
-0.919980 -0.115542
-0.867963 -0.036108
-0.801637 0.031247
-0.722291 0.082086
-0.645448 0.136413
-0.551357 0.143029
-0.468644 0.097355
-0.398496 0.034781
-0.336654 -0.037368
-0.263837 -0.098064
-0.188951 -0.156561
-0.113466 -0.214285
-0.038464 -0.272619
0.035083 -0.332793
0.120633 -0.373782
0.208388 -0.410074
0.295750 -0.447311
0.384426 -0.481445
0.473227 -0.515274
0.560758 -0.552240
0.648101 -0.589673
0.735385 -0.627240
0.821894 -0.666562
0.908403 -0.705884
1.000000 -0.729258