0.733813 0.669065
0.688491 0.583936
0.640393 0.498346
0.583544 0.418029
0.529778 0.335588
0.472511 0.255925
0.404478 0.184799
0.336445 0.113674
0.259656 0.052227
0.182096 -0.008367
0.104535 -0.068961
0.018914 -0.117390
-0.067124 -0.165189
-0.153162 -0.212988
-0.239878 -0.259544
-0.326637 -0.306022
-0.414184 -0.350977
-0.502217 -0.394993
-0.600179 -0.402878
-0.686190 -0.364534
-0.760568 -0.300074
-0.834469 -0.235069
-0.908391 -0.170086
-0.962116 -0.087952
-1.000000 0.001718
-0.995610 0.099869
-0.948477 0.183805
-0.880786 0.253704
-0.793259 0.298028
-0.695730 0.302158
-0.599584 0.289592
-0.508057 0.253647
-0.421398 0.206984
-0.334738 0.160321
-0.246765 0.116188
-0.158732 0.072172
-0.071550 0.026511
0.015209 -0.019967
0.100719 -0.068585
0.183869 -0.121247
0.267019 -0.173908
0.350405 -0.226197
0.433868 -0.278362
0.515032 -0.333965
0.595123 -0.391172
0.673697 -0.450432
0.753221 -0.508264
0.837205 -0.559587
0.917074 -0.616897
1.000000 -0.669065