0.501455 0.686403
0.458550 0.601039
0.401410 0.523664
0.351054 0.441669
0.294302 0.363762
0.237432 0.285940
0.180562 0.208119
0.121559 0.131906
0.062383 0.055823
-0.001001 -0.016393
-0.071826 -0.081770
-0.142651 -0.147147
-0.220121 -0.204081
-0.300319 -0.257546
-0.381129 -0.310073
-0.462447 -0.361820
-0.547192 -0.407362
-0.634438 -0.448137
-0.730235 -0.458781
-0.820071 -0.440279
-0.886176 -0.371635
-0.942291 -0.293318
-0.982988 -0.206986
-0.999246 -0.112626
-1.000000 -0.016518
-0.967642 0.072914
-0.904306 0.145160
-0.825920 0.200666
-0.738481 0.239348
-0.642490 0.248074
-0.546322 0.252885
-0.451293 0.246268
-0.362700 0.208299
-0.277465 0.163970
-0.196148 0.112222
-0.117574 0.056594
-0.041669 -0.002810
0.035298 -0.060772
0.114546 -0.115637
0.193794 -0.170501
0.272070 -0.226743
0.350291 -0.283062
0.430166 -0.336964
0.510981 -0.389494
0.591888 -0.441881
0.672088 -0.495313
0.750833 -0.550897
0.833641 -0.600051
0.915652 -0.650481
1.000000 -0.686403