1.000000 0.687134
0.940119 0.605885
0.884953 0.516624
0.827897 0.428774
0.762646 0.346597
0.699050 0.263128
0.635455 0.179658
0.565972 0.101079
0.495569 0.023265
0.419042 -0.047675
0.333652 -0.108668
0.246948 -0.167518
0.153847 -0.215930
0.060746 -0.264343
-0.031233 -0.314833
-0.122791 -0.366105
-0.215576 -0.414870
-0.312218 -0.455757
-0.408861 -0.496645
-0.507810 -0.531424
-0.609187 -0.556874
-0.709328 -0.543704
-0.796378 -0.485221
-0.872580 -0.415480
-0.927576 -0.326110
-0.971923 -0.231032
-0.997640 -0.129984
-1.000000 -0.025870
-0.948729 0.061924
-0.862682 0.121862
-0.770172 0.170188
-0.668391 0.186573
-0.588334 0.135253
-0.525372 0.051304
-0.460999 -0.031529
-0.393821 -0.112143
-0.310209 -0.175459
-0.223150 -0.233924
-0.126444 -0.269006
-0.026134 -0.299583
0.073005 -0.333961
0.171863 -0.369153
0.270817 -0.404078
0.364178 -0.451223
0.457943 -0.497347
0.558222 -0.527790
0.658556 -0.552816
0.751449 -0.601604
0.845748 -0.647276
0.936292 -0.687134