0.951841 0.543922
0.879173 0.468632
0.803416 0.394686
0.722810 0.324965
0.645194 0.251914
0.567578 0.178864
0.484422 0.112196
0.401192 0.045613
0.317376 -0.020157
0.227890 -0.078060
0.138403 -0.135963
0.048917 -0.193866
-0.041640 -0.250031
-0.133591 -0.303934
-0.225543 -0.357837
-0.319161 -0.408601
-0.415315 -0.454588
-0.512141 -0.498711
-0.615545 -0.524562
-0.720220 -0.543922
-0.800400 -0.484484
-0.849908 -0.390772
-0.892834 -0.293213
-0.934130 -0.195008
-0.969604 -0.094498
-0.991957 0.009109
-1.000000 0.114559
-0.973480 0.217606
-0.902178 0.296831
-0.812704 0.352832
-0.717146 0.399645
-0.617346 0.437070
-0.513440 0.458435
-0.407926 0.473508
-0.301552 0.476499
-0.195250 0.473259
-0.090286 0.454736
0.004667 0.411245
0.093351 0.352122
0.178076 0.287456
0.262810 0.222799
0.348761 0.159768
0.434712 0.096737
0.520664 0.033706
0.603807 -0.032916
0.685688 -0.101151
0.769900 -0.166405
0.855852 -0.229436
0.938826 -0.294049
1.000000 -0.371104