0.675000 0.741667
0.647960 0.643880
0.594471 0.558365
0.532582 0.477805
0.473068 0.395402
0.407659 0.317716
0.340310 0.241582
0.272961 0.165448
0.197131 0.097868
0.120427 0.031169
0.042635 -0.034225
-0.036738 -0.097724
-0.116112 -0.161223
-0.204157 -0.211320
-0.294605 -0.257703
-0.385053 -0.304087
-0.476437 -0.348336
-0.571817 -0.383476
-0.670381 -0.403837
-0.771868 -0.408333
-0.864187 -0.385813
-0.916934 -0.299509
-0.965609 -0.210273
-0.992288 -0.112253
-1.000000 -0.011616
-1.000000 0.090032
-0.964739 0.184627
-0.904764 0.264285
-0.813064 0.308083
-0.715007 0.325000
-0.626511 0.281563
-0.546499 0.219188
-0.469685 0.152616
-0.387501 0.092825
-0.305190 0.033184
-0.223448 -0.027234
-0.141705 -0.087653
-0.059594 -0.147568
0.022612 -0.207354
0.107621 -0.262906
0.194783 -0.315203
0.282291 -0.366917
0.369982 -0.418323
0.457673 -0.469728
0.544889 -0.521934
0.632051 -0.574231
0.725089 -0.615143
0.817753 -0.656912
0.910476 -0.698537
1.000000 -0.741667