0.344450 0.583440
0.319547 0.494962
0.284906 0.408360
0.240053 0.326745
0.197548 0.243747
0.148837 0.164340
0.097793 0.086273
0.045256 0.009218
-0.008422 -0.067061
-0.066925 -0.138771
-0.140190 -0.196496
-0.213456 -0.254220
-0.289959 -0.306720
-0.374254 -0.346649
-0.463603 -0.372456
-0.555460 -0.386173
-0.634720 -0.342590
-0.696241 -0.272495
-0.754692 -0.199939
-0.806431 -0.122330
-0.860651 -0.046461
-0.915865 0.028710
-0.967604 0.106318
-1.000000 0.192967
-0.985952 0.282325
-0.916973 0.343160
-0.832771 0.382638
-0.742922 0.403001
-0.649763 0.406441
-0.556541 0.405419
-0.463730 0.396138
-0.373935 0.372757
-0.289191 0.335495
-0.210986 0.284662
-0.134979 0.230661
-0.059970 0.175220
0.013565 0.117864
0.086400 0.059597
0.159234 0.001329
0.231997 -0.057026
0.303908 -0.116430
0.375818 -0.175834
0.449868 -0.232547
0.525635 -0.286863
0.603243 -0.338602
0.683516 -0.386090
0.762323 -0.435915
0.840485 -0.486790
0.920182 -0.535241
1.000000 -0.583440