0.555556 0.722222
0.528930 0.623982
0.495038 0.528022
0.449892 0.437078
0.401391 0.347579
0.353320 0.257846
0.305248 0.168113
0.254881 0.079684
0.202506 -0.007608
0.150132 -0.094899
0.087982 -0.175010
0.020351 -0.251095
-0.048372 -0.326149
-0.120354 -0.398132
-0.192414 -0.470017
-0.277880 -0.525319
-0.363347 -0.580621
-0.450040 -0.633979
-0.542550 -0.673516
-0.638329 -0.669752
-0.715132 -0.603412
-0.796611 -0.542500
-0.871652 -0.473713
-0.937386 -0.396951
-0.983468 -0.307171
-1.000000 -0.207046
-0.990160 -0.106844
-0.949125 -0.014596
-0.882591 0.061853
-0.797892 0.116179
-0.697093 0.126263
-0.595541 0.120336
-0.495456 0.103662
-0.396697 0.078972
-0.300343 0.046288
-0.204652 0.011666
-0.112404 -0.031383
-0.020681 -0.075518
0.066565 -0.126990
0.146222 -0.190365
0.228550 -0.250240
0.310877 -0.310115
0.393589 -0.369451
0.476985 -0.427829
0.560381 -0.486206
0.643777 -0.544583
0.732727 -0.593636
0.824375 -0.637831
0.913006 -0.685322
1.000000 -0.722222