0.359307 0.796537
0.311219 0.734992
0.265097 0.659550
0.213665 0.587443
0.160750 0.516470
0.104445 0.448100
0.047773 0.380043
-0.011071 0.313844
-0.069914 0.247645
-0.133069 0.185623
-0.197368 0.124708
-0.262405 0.064618
-0.329891 0.007255
-0.397377 -0.050108
-0.468999 -0.101988
-0.542695 -0.151118
-0.617121 -0.199133
-0.692931 -0.244734
-0.769302 -0.285714
-0.857873 -0.285714
-0.942105 -0.269477
-0.978810 -0.192530
-0.995398 -0.105536
-1.000000 -0.017345
-0.978464 0.064826
-0.902490 0.095238
-0.813919 0.095238
-0.725810 0.086899
-0.648167 0.044863
-0.570278 0.002728
-0.496430 -0.046005
-0.422697 -0.095041
-0.347250 -0.141379
-0.270210 -0.185060
-0.194194 -0.230515
-0.117688 -0.275144
-0.042001 -0.321139
0.033571 -0.367329
0.109520 -0.412898
0.186169 -0.457263
0.263366 -0.500686
0.342459 -0.540487
0.422129 -0.579184
0.501800 -0.617881
0.581470 -0.656578
0.663612 -0.689687
0.745848 -0.722582
0.828846 -0.753333
0.913386 -0.779751
1.000000 -0.796537