0.716263 0.595156
0.665538 0.507075
0.611614 0.420821
0.555711 0.335939
0.491045 0.257416
0.424782 0.180253
0.357581 0.103889
0.285212 0.033113
0.203834 -0.027920
0.122456 -0.088954
0.041078 -0.149987
-0.040300 -0.211021
-0.123259 -0.269846
-0.207261 -0.327214
-0.291264 -0.384582
-0.377888 -0.436825
-0.473564 -0.471374
-0.569239 -0.505924
-0.667313 -0.532037
-0.767508 -0.546713
-0.854815 -0.507786
-0.906977 -0.420831
-0.944259 -0.326242
-0.980365 -0.231166
-1.000000 -0.132073
-0.993737 -0.030970
-0.953704 0.061012
-0.893361 0.142783
-0.818961 0.211267
-0.734306 0.266360
-0.641048 0.306903
-0.544332 0.335227
-0.442785 0.339100
-0.344801 0.314237
-0.258284 0.261365
-0.174095 0.204307
-0.090910 0.145762
-0.007086 0.088133
0.076737 0.030504
0.161211 -0.026154
0.246414 -0.081722
0.328140 -0.142097
0.407572 -0.205643
0.492140 -0.262063
0.574662 -0.321321
0.655143 -0.383411
0.740546 -0.438672
0.824538 -0.496041
0.912268 -0.547302
1.000000 -0.595156