0.621323 0.592928
0.582237 0.504791
0.532354 0.422531
0.482509 0.340096
0.433216 0.257294
0.377878 0.178240
0.322541 0.099186
0.258694 0.027016
0.192939 -0.043610
0.127183 -0.114236
0.061428 -0.184861
-0.010399 -0.249072
-0.084531 -0.310848
-0.162380 -0.366939
-0.248690 -0.410094
-0.335000 -0.453249
-0.422611 -0.493698
-0.510227 -0.534136
-0.598138 -0.573616
-0.693862 -0.582963
-0.784358 -0.552771
-0.856428 -0.489956
-0.919972 -0.417334
-0.967703 -0.333590
-0.997637 -0.242093
-1.000000 -0.146960
-0.957811 -0.060431
-0.899562 0.016043
-0.822625 0.072874
-0.732897 0.106829
-0.640627 0.134530
-0.544129 0.134530
-0.447632 0.134530
-0.351134 0.134530
-0.259446 0.108893
-0.169510 0.073918
-0.084567 0.028640
-0.001393 -0.020286
0.079758 -0.072441
0.160049 -0.125969
0.240339 -0.179496
0.320630 -0.233023
0.401446 -0.285754
0.482273 -0.338468
0.563775 -0.390029
0.649328 -0.434665
0.734882 -0.479301
0.822139 -0.520277
0.911368 -0.557019
1.000000 -0.592928